5330
9435
26732673
6528
oaw
9822
aab1060
8447
8169
1468
3850
8243
4588
7228
6417
7237
1985
6878
6182
0888
0329
1224
1924
2823
1926
6556
1137
7448
5789
5498
1069aime
1832
3032
5925
6325
{SHA}bfuWEFYwoFoTfRzJqmrhsfIhR+o
6656
1234
{SHA}TZnxYUFm1dwYDgNHOb+AwqdUBtU
8615
4323
6255
2116
1061
4096
13717004
{SHA}IE0baMpwxw4XQXB2WI35VPR9oNo
2959
0558
rfuentes
tiash
7818
6335
2342
3674
3419
memo
0295
548260
2431
2895
6705
5114
1216
4496
1302
9245
2492
5293
8297
1067
3898
2488
homero4663
2929
9497
9926
1234
{SHA}KXX3rsVeXX8Jj+jFPC8wiKW1/NQ
9486
4440
5100
1233
1961
6402
61443
1863
1234
4739
0788
6221
2266
6339
9638
3008
jac1234
6241
2261
5277
3283
6704
0338
3613
8237coke
4555
7453
8990
4680
4131
2170
8573
3950
8792
3325
sergio37
3981
2002
1549
123
0757
1647
5154
5409
6956
{SHA}jgkXWDF1ABa4xj/b6s8WzDxQVRU
1584
8872
3203
7676
5689